# n
80
# k
64
# w
3
# H^transpose (each line corresponds to a column of H, the identity part is omitted)
0110010110011010
1000000110000000
1000101000111011
1001011011110110
1111000110101111
1010011001010100
0101111110111111
1011001001010010
0101101110010010
1110101000000000
0010111000001111
0110101110111111
1100010010100000
0000010011110100
1000111110111010
1010011000111001
0100010011011010
1001101100001111
0110001100011101
1010100110111100
1000001110101000
0011000101010101
0111010111011011
1110011001010110
0000100100010001
0000001001001001
0111000100000101
1011100011101111
0101011011011010
0111100100000101
0011100010011111
0111101101001000
1011101100111001
1011111100101011
0111011010111110
1110011100010101
1100001110000011
1001100000001011
0000000010001111
0100101100111100
0111000100111011
0100101111010110
1100001010100000
1011111010100001
1001001011000101
1111100101110111
1001110110000100
1011010000100100
0000101000001111
1011000000101100
0001010100100011
1101011100000011
0001011011110100
1010110101110101
0001111111011010
1001011010000100
1110001000111111
0010001010001000
1010011001101111
1100100001000110
1111110111001111
0010111011000010
1001110000110000
0100011011000110
# s^transpose
1001011110100101
